4
43
169
88
172
142
96
163
169
246
178
166
6
46
221
169
166
44
154
81
103
102
156
75
212
227
222
204
119
41
72
140
144
205
147
100
117
249
26
123
236
112
183
185
77
252
17
101
27
28
161
103
12
18
11
158
142
94
131
200
176
147
43
128
173
38
21
57
155
120
52
172
17
30
101
246
174
227
253
216
209
120
177
91
135
225
127
125
194
244
214
22
117
81
203
88
69
55
11
39
230
216
202
163
232
245
85
238
173
21
240
170
96
171
246
55
226
207
248
204
166
151
119
166
161
29
54
192
83
12
176
118
215
213
241
249
174
14
115
146
139
145
208
172
4
44
181
202
90
147
118
117
63
63
128
78
97
35
1
203
190
149
154
161
100
122
210
139
185
253
136
211
92
102
65
21
199
202
162
117
103
108
101
192
150
58
54
152
85
162
152
139
12
168
211
245
246
47
72
137
89
42
16
93
10
162
25
217
254
107
135
150
129
140
99
82
48
218
10
41
67
58
54
22
100
253
199
180
147
75
30
152
129
24
27
60
91
7
182
243
33
93
153
233
27
1
10
128
68
128
197
28
36
30
70
31
244
249
249
12
219
100
69
178
76
238
21
104
113
39
247
40
36
22
8
229
160
76
251
98
243
71
112
18
134
2
116
99
209
251
71
97
14
169
24
189
23
231
157
44
236
161
15
28
137
156
248
13
22
97
126
168
254
150
25
148
244
51
43
74
122
177
150
117
224
149
26
122
254
75
205
185
175
206
117
81
55
83
137
234
9
102
76
112
124
158
99
119
143
132
200
228
187
82
178
58
10
153
60
244
130
125
15
203
147
197
249
48
32
200
92
160
169
65
65
20
101
37
248
65
49
162
235
121
130
232
254
92
28
59
70
157
23
149
103
139
87
129
221
183
165
50
86
199
40
40
59
121
17
157
213
229
161
251
194
224
146
149
72
170
199
157
20
229
129
190
137
20
218
181
188
227
72
64
155
255
75
35
81
90
173
132
74
126
101
97
252
27
210
135
249
193
57
50
239
8
30
113
69
105
159
38
158
92
224
242
156
96
95
195
148
110
68
238
253
66
82
150
127
32
194
109
66
83
188
251
169
21
81
147
224
217
222
231
187
134
229
238
157
115
196
155
188
15
242
138
125
74
53
172
181
135
241
37
167
49
228
75
160
229
72
134
15
203
226
187
144
93
51
118
93
100
249
12
91
38
177
50
97
49
126
95
224
164
221
89
232
184
63
137
162
154
78
183
42
62
139
240
44
55
250
31
23
191
79
81
142
228
202
129
128
177
234
110
102
233
166
106
238
137
210
215
29
169
212
194
21
65
226
29
155
192
5
41
55
94
71
33
85
139
202
3
238
190
9
240
175
223
80
64
151
32
2
163
100
34
2
109
234
140
60
76
2
173
230
191
172
192
55
8
161
132
21
98
190
206
233
95
160
227
18
53
240
161
133
122
190
97
197
20
92
218
54
200
79
125
1
64
216
74
68
239
168
72
159
18
10
160
229
149
56
163
204
7
121
6
91
97
40
107
0
74
250
34
172
199
78
77
18
64
205
169
134
86
159
35
141
168
2
114
111
30
124
47
220
184
13
47
78
73
34
160
24
108
73
249
244
134
156
215
196
189
142
164
199
143
28
118
103
86
120
179
94
182
252
226
205
203
69
243
185
31
255
200
30
45
145
26
13
165
46
7
12
42
173
178
144
216
103
77
156
151
199
248
209
110
65
98
111
102
44
41
64
168
29
165
190
197
134
154
254
1
105
194
39
113
167
52
8
74
82
245
99
248
86
34
88
6
247
175
236
46
170
166
121
5
198
99
12
8
244
202
81
205
78
154
46
4
208
95
199
12
89
37
20
54
198
71
82
251
77
183
206
214
174
207
87
194
72
34
170
67
39
0
86
135
163
149
169
188
244
83
54
151
231
223
213
132
145
66
62
127
17
17
187
61
252
123
30
127
67
107
187
174
181
132
229
89
207
141
146
48
157
150
6
249
128
54
239
207
249
210
48
6
227
42
50